1 2
2 3
3 1
4 1
1 5
5 4
6 4
4 7
7 6
8 6
6 9
9 8
10 8
8 11
11 10
12 10
10 13
13 12
5 3
3 14
14 5
7 5
5 15
15 7
9 7
7 16
16 9
11 9
9 17
17 11
13 11
11 18
18 13
15 14
14 19
19 15
16 15
15 20
20 16
17 16
16 21
21 17
18 17
17 22
22 18
20 19
19 23
23 20
21 20
20 24
24 21
22 21
21 25
25 22
24 23
23 26
26 24
25 24
24 27
27 25
27 26
26 28
28 27
29 2
1 29
30 29
29 31
31 30
32 30
30 33
33 32
34 32
32 35
35 34
36 34
34 37
37 36
38 36
36 39
39 38
31 1
4 31
33 31
31 40
40 33
35 33
33 41
41 35
37 35
35 42
42 37
39 37
37 43
43 39
40 4
6 40
41 40
40 44
44 41
42 41
41 45
45 42
43 42
42 46
46 43
44 6
8 44
45 44
44 47
47 45
46 45
45 48
48 46
47 8
10 47
48 47
47 49
49 48
49 10
12 49
50 2
29 50
51 50
50 52
52 51
53 51
51 54
54 53
55 53
53 56
56 55
57 55
55 58
58 57
59 57
57 60
60 59
52 29
30 52
54 52
52 61
61 54
56 54
54 62
62 56
58 56
56 63
63 58
60 58
58 64
64 60
61 30
32 61
62 61
61 65
65 62
63 62
62 66
66 63
64 63
63 67
67 64
65 32
34 65
66 65
65 68
68 66
67 66
66 69
69 67
68 34
36 68
69 68
68 70
70 69
70 36
38 70
71 2
50 71
72 71
71 73
73 72
74 72
72 75
75 74
76 74
74 77
77 76
78 76
76 79
79 78
80 78
78 81
81 80
73 50
51 73
75 73
73 82
82 75
77 75
75 83
83 77
79 77
77 84
84 79
81 79
79 85
85 81
82 51
53 82
83 82
82 86
86 83
84 83
83 87
87 84
85 84
84 88
88 85
86 53
55 86
87 86
86 89
89 87
88 87
87 90
90 88
89 55
57 89
90 89
89 91
91 90
91 57
59 91
71 3
3 92
92 14
14 93
93 19
19 94
94 23
23 95
95 26
26 96
96 28
92 71
72 92
93 92
92 97
97 93
94 93
93 98
98 94
95 94
94 99
99 95
96 95
95 100
100 96
97 72
74 97
98 97
97 101
101 98
99 98
98 102
102 99
100 99
99 103
103 100
101 74
76 101
102 101
101 104
104 102
103 102
102 105
105 103
104 76
78 104
105 104
104 106
106 105
106 78
80 106
107 108
108 109
109 107
110 107
107 111
111 110
112 110
110 113
113 112
111 109
109 114
114 111
113 111
111 115
115 113
115 114
114 116
116 115
117 118
118 119
119 117
120 117
117 121
121 120
122 120
120 123
123 122
121 119
119 124
124 121
123 121
121 125
125 123
125 124
124 126
126 125
127 128
128 129
129 127
130 127
127 131
131 130
132 130
130 133
133 132
131 129
129 134
134 131
133 131
131 135
135 133
135 134
134 136
136 135
137 138
138 139
139 137
140 137
137 141
141 140
142 140
140 143
143 142
141 139
139 144
144 141
143 141
141 145
145 143
145 144
144 146
146 145
147 148
148 149
149 147
150 147
147 151
151 150
152 150
150 153
153 152
151 149
149 154
154 151
153 151
151 155
155 153
155 154
154 156
156 155
113 157
157 158
158 159
159 160
160 161
161 162
162 163
163 164
164 165
165 166
158 113
115 158
160 158
158 167
167 160
162 160
160 168
168 162
164 162
162 169
169 164
166 164
164 170
167 115
116 167
168 167
167 171
171 168
169 168
168 172
172 169
170 169
169 173
171 116
172 171
173 172
125 174
174 175
175 176
176 177
177 178
178 179
179 180
180 181
181 182
182 183
175 125
123 175
177 175
175 184
184 177
179 177
177 185
185 179
181 179
179 186
186 181
183 181
181 187
184 123
122 184
185 184
184 188
188 185
186 185
185 189
189 186
187 186
186 190
188 122
189 188
190 189
191 192
192 193
193 194
194 195
195 196
196 197
197 198
198 199
199 200
200 144
193 191
201 193
195 193
193 202
202 195
197 195
195 203
203 197
199 197
197 204
204 199
144 199
199 139
202 201
205 202
203 202
202 206
206 203
204 203
203 207
207 204
139 204
204 138
206 205
207 206
138 207
208 209
209 210
210 211
211 212
212 213
213 214
214 215
215 216
216 217
217 154
210 208
218 210
212 210
210 219
219 212
214 212
212 220
220 214
216 214
214 221
221 216
154 216
216 149
219 218
222 219
220 219
219 223
223 220
221 220
220 224
224 221
149 221
221 148
223 222
224 223
148 224
225 226
226 227
227 228
228 229
229 230
230 231
231 232
232 233
233 234
234 235
227 225
236 227
229 227
227 237
237 229
231 229
229 238
238 231
233 231
231 239
239 233
235 233
233 240
237 236
241 237
238 237
237 242
242 238
239 238
238 243
243 239
240 239
239 244
242 241
243 242
244 243