0.9245941063302784 0.30041883619039417 5.920715688276319
3.6739403974420594e-16 0.0 6.0
5.952859758710061e-17 0.9721757755549882 5.920715688278238
1.958864171011405 0.6364735514549063 5.635401722843384
1.000000000020681 1.3763819205189667 5.753744242563025
3.0000000000719877 0.9747590887961675 5.103904850051316
2.0906979295941825 1.7784538838752373 5.3353616512959725
3.9177283420404923 1.272947102915558 4.36245461995326
3.13604689439474 2.1181083520026385 4.656052715050999
4.622970531688587 1.5020941809640558 3.5173649987814546
4.000000000094863 2.3511410093190377 3.8042260649886934
5.103904850189895 1.6583592136513536 2.6832815727585726
4.622970531672882 2.4742699565181465 2.9165273263859253
1.2611851640162322e-16 2.0596716782248046 5.635401722851586
1.0453489647983916 2.5379443633784535 5.335361651302605
2.1409325387019402 2.946740839259182 4.767926833642622
3.1360468943929147 3.2172532996271004 3.976743778797811
3.9177283420235565 3.3326187811322523 3.089507517024346
1.9315047710497253e-16 3.1543866727851886 5.103904850068738
1.045348964801713 3.6370893110164952 4.656052715066437
2.0906979295996093 3.9767437791357976 3.9767437788060533
3.000000000067191 4.1291457615639855 3.1543866724539376
2.522370328054861e-16 4.119343356486186 4.3624546199786565
1.000000000029405 4.530768593322457 3.8042260650103366
1.958864171020331 4.755816907920188 3.089507517037836
2.976429879402141e-16 4.86087887785188 3.5173649988099687
0.9245941063417721 5.161297714027921 2.9165273264086222
3.286072189650937e-16 5.366563146106826 2.683281572785085
0.5714305835141648 -0.7865067239674733 5.9207156882744005
1.2106446370370083 -1.6663093905633868 5.635401722835188
1.6180339887890354 -0.5257311121276239 5.7537442425662695
1.8541019663021452 -2.5519524251746724 5.103904850033906
2.3374713455072063 -1.4387994157513557 5.33536165130034
2.421289274074379 -3.3326187811272723 4.362454619927884
2.983532535863266 -2.328026357690819 4.656052715051895
2.857152917571604 -3.9325336198384404 3.517364998752965
3.4721359550969746 -3.077683537308032 3.8042260649843014
3.1543866727559715 -4.341640786635389 2.6832815727320805
3.7817470239091326 -3.6321147836550747 2.916527326377839
2.7367591199539247 -0.20991800568793245 5.335361651306968
3.4641016152594952 -1.1255548445409853 4.767926833654946
4.028881500671822 -1.988371889570307 3.9767437788108717
4.3801534451023665 -2.696145229684975 3.089507517033227
3.782108084762815 0.1297364624381581 4.656052715067322
4.428169275125503 -0.7594904795045234 3.976743778819106
4.854101966397334 -1.5771933363926933 3.154386672469948
4.618033988885102 0.44902797666900607 3.804226065005929
5.128372979099672 -0.39336228765891834 3.089507517046706
5.194401115215881 0.7155874569911468 2.916527326400519
-0.5714305835141646 -0.7865067239674735 5.9207156882744005
-1.210644637037008 -1.666309390563387 5.635401722835188
1.041746789687532e-16 -1.7013016167809962 5.753744242555309
-1.8541019663021447 -2.551952425174673 5.103904850033906
-0.6460611903522072 -2.667680825805039 5.335361651280336
-2.4212892740743786 -3.3326187811272727 4.362454619927884
-1.29212238070288 -3.5569077677358263 4.656052715026674
-2.8571529175716033 -3.9325336198384413 3.517364998752965
-1.8541019662937899 -4.25325404193862 3.8042260649596393
-3.154386672755971 -4.34164078663539 2.6832815727320805
-2.2857223340460453 -4.719040343782929 2.916527326357871
0.646061190352207 -2.667680825805039 5.335361651280336
2.230309599073481e-16 -3.642371989419822 4.7679268336133145
-0.6460611903490264 -4.44613470965317 3.9767437787644946
-1.2106446370265407 -4.998928171646937 3.0895075169925525
1.2921223807028797 -3.5569077677358263 4.656052715026674
0.6460611903490259 -4.446134709653171 3.9767437787644946
3.125240369034431e-16 -5.103904850296992 3.1543866724158653
1.8541019662937892 -4.25325404193862 3.8042260649596393
1.2106446370265402 -4.998928171646938 3.0895075169925525
2.2857223340460457 -4.719040343782929 2.916527326357871
-0.9245941063302784 0.3004188361903943 5.920715688276319
-1.958864171011405 0.6364735514549065 5.635401722843384
-1.6180339887890351 -0.5257311121276242 5.7537442425662695
-3.0000000000719877 0.9747590887961679 5.103904850051316
-2.7367591199539247 -0.20991800568793295 5.335361651306968
-3.9177283420404923 1.2729471029155583 4.36245461995326
-3.782108084762815 0.12973646243815884 4.656052715067322
-4.622970531688587 1.5020941809640567 3.5173649987814546
-4.618033988885102 0.44902797666900657 3.804226065005929
-5.103904850189895 1.6583592136513543 2.6832815727585726
-5.194401115215881 0.7155874569911471 2.916527326400519
-2.3374713455072063 -1.4387994157513562 5.33536165130034
-3.464101615259495 -1.1255548445409858 4.767926833654946
-4.428169275125503 -0.7594904795045241 3.976743778819106
-5.128372979099672 -0.3933622876589193 3.089507517046706
-2.983532535863266 -2.328026357690819 4.656052715051895
-4.028881500671822 -1.988371889570307 3.9767437788108717
-4.854101966397333 -1.5771933363926942 3.154386672469948
-3.4721359550969746 -3.0776835373080313 3.8042260649843014
-4.3801534451023665 -2.6961452296849755 3.089507517033227
-3.781747023909134 -3.6321147836550742 2.916527326377839
-1.000000000020681 1.3763819205189667 5.753744242563025
-1.0453489647983913 2.537944363378454 5.335361651302605
-1.0453489648017125 3.6370893110164957 4.656052715066437
-1.0000000000294054 4.530768593322457 3.8042260650103366
-0.9245941063417715 5.161297714027921 2.9165273264086222
-2.0906979295941817 1.778453883875238 5.3353616512959725
-2.1409325387019402 2.946740839259182 4.767926833642622
-2.090697929599609 3.9767437791357976 3.9767437788060533
-1.9588641710203305 4.755816907920189 3.089507517037836
-3.13604689439474 2.118108352002638 4.656052715050999
-3.1360468943929147 3.2172532996271004 3.976743778797811
-3.0000000000671907 4.1291457615639855 3.1543866724539376
-4.000000000094863 2.3511410093190377 3.8042260649886934
-3.917728342023555 3.3326187811322536 3.089507517024346
-4.622970531672883 2.474269956518146 2.9165273263859253
5.12837297898223 2.939256493224177 1.0298358390949687
4.854101966288011 3.5267115137020864 0.0
5.4735182397497955 2.457762819949538 0.0
5.194401115119155 2.28860090470474 1.9443515510919083
5.618033988753948 1.8254098970414467 1.051462224232776
5.103904850129877 1.658359213452967 2.6832815729953463
5.547564637915391 1.2016753446500021 1.9443515510861165
5.872806014171488 1.22888141002751 0.0
5.876592512914343 0.6364735514419234 1.029835839089896
6.0 0.0 0.0
4.028881500596583 -4.44613470940216 0.0
4.854101966288011 -3.5267115137020864 0.0
4.380153445027869 -3.9690923323252156 1.0298358390965434
2.9835325358364737 -5.2056251889283365 0.0
3.4721359550602453 -4.778985153833664 1.051462224245509
1.8541019663097384 -5.706339097751409 0.0
2.4212892740744136 -5.392290459140502 1.0298358391095743
3.7817470238784265 -4.232952455808185 1.9443515510972074
2.857152917570076 -4.904709395196002 1.9443515511082012
3.154386672760936 -4.341640786463336 2.6832815730046313
-2.9835325357416353 -5.205625188982692 0.0
-1.8541019662479354 -5.706339097771489 0.0
-2.4212892739997147 -5.392290459180111 1.029835839077803
-4.028881500487201 -4.446134709501276 0.0
-3.472135954963315 -4.778985153910545 1.051462224216156
-4.854101966188011 -3.526711513839725 0.0
-4.380153444928402 -3.96909233244105 1.0298358390731575
-2.8571529174943886 -4.904709395260512 1.9443515510566947
-3.7817470237919686 -4.232952455905846 1.9443515510527551
-3.1543866726928833 -4.341640786548557 2.6832815729467425
-5.872806014215557 1.2288814098169036 0.0
-6.0 -7.347880794884119e-16 0.0
-5.876592512935743 0.6364735512382732 1.0298358390936462
-5.473518239831941 2.457762819766596 0.0
-5.618033988813854 1.8254098968506178 1.0514622242439877
-4.854101966388012 3.5267115135644476 0.0
-5.128372979068471 2.939256493067637 1.0298358391122868
-5.547564637951395 1.2016753444633659 1.9443515510987355
-5.1944011151833624 2.288600904538595 1.9443515511159417
-5.1039048501719355 1.6583592132877467 2.6832815730174575
-0.646061190355099 5.965115668477599 0.0
-1.8541019663097376 5.706339097751409 0.0
-1.2106446370504993 5.785652746859515 1.029835839120882
0.6460611903550985 5.965115668477599 0.0
3.6170864843129715e-16 5.907150513652309 1.0514622242654599
1.8541019663097384 5.706339097751409 0.0
1.2106446370505 5.785652746859515 1.029835839120882
-0.5714305835251977 5.64738560165385 1.9443515511462506
0.5714305835251972 5.64738560165385 1.9443515511462506
3.286072189563309e-16 5.366563145963719 2.6832815730713016
5.194401115103186 0.7155874568784043 2.9165273266288945
5.618033988752991 0.12410828039869343 2.1029244484651937
5.128372978963697 -0.3933622876484887 3.0895075172737414
5.473518239768249 -1.0991449474894366 2.198289895198702
4.85410196628553 -1.5771933362512203 3.154386672712732
5.074230465371677 -2.3280263574303937 2.198289895214757
4.3801534450537964 -2.6961452294491117 3.0895075173079194
4.472135955106974 -3.4026032332479583 2.1029244485073564
3.781747023931056 -3.632114783384478 2.9165273266864
3.781747023964885 -4.232952455710524 1.9443515511416591
5.872806014192382 -0.5495724736888722 1.0991449475975736
5.605034153829069 -1.8211859944558961 1.125554844513293
5.074230465410698 -3.007335293582761 1.099144947615831
4.380153445127335 -3.9690923322093794 1.0298358391199294
5.872806014215557 -1.2288814098169025 0.0
5.473518239831941 -2.457762819766595 0.0
4.854101966388011 -3.5267115135644476 0.0
2.2857223340502966 -4.7190403435972685 2.9165273266549456
1.8541019662926297 -5.304716265974823 2.102924448498314
1.2106446370290669 -4.998928171451399 3.0895075173079496
0.6460611903485841 -5.545279657046035 2.198289895231467
3.125240368912461e-16 -5.1039048500978 3.154386672738165
-0.6460611903485847 -5.545279657046035 2.198289895231467
-1.2106446370290662 -4.998928171451399 3.0895075173079496
-1.85410196629263 -5.304716265974823 2.102924448498314
-2.285722334050297 -4.7190403435972685 2.9165273266549456
-2.857152917570075 -4.904709395196003 1.9443515511082012
1.2921223807028992 -5.755197662757272 1.099144947620609
3.608716736555579e-16 -5.893481678257124 1.1255548445311754
-1.2921223807028999 -5.755197662757271 1.099144947620609
-2.421289274074414 -5.392290459140502 1.0298358391095743
0.6460611903550985 -5.965115668477599 0.0
-0.646061190355099 -5.965115668477599 0.0
-1.8541019663097376 -5.706339097751409 0.0
-3.781747023878427 -4.232952455808184 1.9443515510972074
-3.7817470238568704 -3.632114783507663 2.9165273266291862
-4.472135955018085 -3.40260323339062 2.102924448465558
-4.380153444986232 -2.69614522961349 3.0895075172602624
-5.074230465299543 -2.328026357617129 2.198289895183506
-4.854101966240808 -1.577193336446982 3.1543866726836702
-5.473518239731513 -1.0991449477018875 2.1982898951839482
-5.1283729789521555 -0.39336228785357047 3.0895075172667887
-5.618033988757064 0.12410828018849174 2.1029244484667178
-5.19440111512326 0.7155874566867353 2.916527326640167
-4.380153445027868 -3.9690923323252165 1.0298358390965434
-5.074230465317517 -3.007335293747365 1.0991449475956465
-5.605034153765239 -1.8211859946602669 1.125554844500475
-5.8728060141726734 -0.5495724739068566 1.099144947593885
-4.854101966288011 -3.5267115137020864 0.0
-5.4735182397497955 -2.4577628199495374 0.0
-5.872806014171488 -1.2288814100275087 0.0
-5.194401115119156 2.2886009047047398 1.9443515510919083
-4.6229705316254295 2.4742699562983135 2.916527326647641
-4.618033988793704 3.2017918174541053 2.1029244484835985
-3.9177283419943794 3.3326187809014676 3.089507517310289
-3.7821080847034674 4.106480241297706 2.1982898952258796
-3.0000000000566347 4.129145761339162 3.1543866727582763
-2.7367591199375143 4.865970720824117 2.1982898952415866
-1.958864171021693 4.755816907717529 3.0895075173489346
-1.6180339888000794 5.381419401504045 2.1029244485248495
-0.9245941063456997 5.16129771385541 2.9165273267126643
-5.12837297898223 2.939256493224177 1.0298358390949687
-4.428169275027946 3.8965622355927647 1.099144947607364
-3.464101615207855 4.767926833696425 1.125554844524206
-2.337471345501035 5.415543194645959 1.0991449476231165
-4.854101966288011 3.5267115137020864 0.0
-4.028881500596583 4.44613470940216 0.0
-2.9835325358364733 5.2056251889283365 0.0
0.571430583507768 5.6473856016760315 1.9443515510869451
0.9245941063199258 5.161297713905968 2.9165273266313627
1.6180339887492168 5.3814194015451715 2.1029244484587433
1.9588641709683938 4.755816907794093 3.0895075172648707
2.7367591198561954 4.8659707208993614 2.198289895176268
2.9999999999842735 4.129145761449858 3.1543866726821914
3.7821080846086295 4.106480241414562 2.198289895170756
3.9177283419196813 3.332618781043891 3.0895075172513815
4.6180339887073325 3.201791817604513 2.1029244484442673
4.6229705315636505 2.4742699564596844 2.9165273266086658
5.1944011150549505 2.288600904870887 1.9443515510678748
1.2106446370104256 5.785652746873969 1.0298358390867925
2.337471345423736 5.4155431946867 1.0991449475867685
3.4641016151045747 4.767926833779384 1.1255548444906485
4.428169274922583 3.896562235719879 1.099144947581211
5.128372978895989 2.939256493380716 1.0298358390776505
1.854101966247935 5.70633909777149 0.0
2.983532535741635 5.205625188982692 0.0
4.028881500487199 4.446134709501278 0.0
4.854101966188011 3.5267115138397243 0.0