1 2
1 2
1 3
1 4
1 4
1 7
2 3
2 7
2 10
3 5
3 6
3 13
1 4
4 5
4 9
4 17
4 17
4 18
4 9
1 5
3 5
4 5
5 6
5 38
3 6
5 6
6 16
6 29
6 29
6 16
6 30
7 8
7 8
7 10
7 8
8 9
8 12
8 12
8 20
8 20
8 9
8 21
1 9
4 9
7 9
8 9
9 19
9 19
9 21
10 11
10 11
10 13
10 11
11 12
11 15
11 23
11 23
11 24
7 12
8 12
10 12
11 12
12 20
12 20
12 33
13 14
13 14
13 14
14 15
14 16
14 16
14 26
14 26
14 15
14 27
10 15
11 15
13 15
14 15
15 27
15 27
15 35
3 16
6 16
13 16
14 16
16 26
16 26
16 30
1 5
1 9
17 18
9 17
18 38
19 21
20 21
20 33
7 9
7 12
12 20
9 21
23 24
23 24
23 25
23 27
23 27
23 35
20 24
20 24
23 24
24 25
24 33
10 12
10 15
26 27
26 30
27 35
13 15
13 16
16 26
15 27
29 30
29 30
29 31
29 38
3 5
3 16
16 30
1 4
1 7
7 8
4 19
8 21
7 8
7 10
10 11
8 20
23 25
24 25
10 11
10 13
13 14
14 27
3 6
3 13
13 14
14 26
6 30
30 31
1 3
1 4
3 6